| 0.000000 | 2.000000 | 2.000000 | 1.000000 | 2.000000 | 3.000000 | 2.000000 | 1.000000 | 2.000000 | 2.000000 | 3.000000 | 2.000000 |
| 2.000000 | 0.000000 | 1.000000 | 2.000000 | 0.000000 | 2.000000 | 1.000000 | 1.000000 | 1.000000 | 2.000000 | 1.000000 | 1.000000 |
| 2.000000 | 0.000000 | 0.000000 | 2.000000 | 0.000000 | 1.000000 | 1.000000 | 1.000000 | 1.000000 | 2.000000 | 1.000000 | 0.000000 |
| 0.000000 | 1.000000 | 1.000000 | 0.000000 | 1.000000 | 2.000000 | 1.000000 | 0.000000 | 1.000000 | 1.000000 | 2.000000 | 1.000000 |
| 3.000000 | 2.000000 | 2.000000 | 3.000000 | 0.000000 | 3.000000 | 3.000000 | 2.000000 | 2.000000 | 2.000000 | 2.000000 | 2.000000 |
| 1.000000 | 3.000000 | 3.000000 | 2.000000 | 3.000000 | 0.000000 | 3.000000 | 2.000000 | 3.000000 | 3.000000 | 4.000000 | 3.000000 |
| 2.000000 | 0.000000 | 0.000000 | 2.000000 | 0.000000 | 1.000000 | 0.000000 | 1.000000 | 1.000000 | 2.000000 | 1.000000 | 0.000000 |
| 1.000000 | 1.000000 | 1.000000 | 2.000000 | 1.000000 | 2.000000 | 2.000000 | 0.000000 | 1.000000 | 1.000000 | 2.000000 | 1.000000 |
| 3.000000 | 1.000000 | 1.000000 | 3.000000 | 1.000000 | 2.000000 | 2.000000 | 2.000000 | 0.000000 | 3.000000 | 2.000000 | 1.000000 |
| 1.000000 | 0.000000 | 0.000000 | 1.000000 | 0.000000 | 1.000000 | 1.000000 | 0.000000 | 0.000000 | 0.000000 | 1.000000 | 0.000000 |
| 1.000000 | 0.000000 | 0.000000 | 2.000000 | 0.000000 | 1.000000 | 1.000000 | 0.000000 | 1.000000 | 1.000000 | 0.000000 | 0.000000 |
| 2.000000 | 2.000000 | 2.000000 | 3.000000 | 2.000000 | 1.000000 | 3.000000 | 1.000000 | 2.000000 | 2.000000 | 2.000000 | 0.000000 |
Time Elapsed:0.011443
Floyd Warshall Algorithm Elapsed: 0.000156
------------------------------------------------------
Time Elapsed:0.010877
Floyd Warshall Algorithm Elapsed: 0.000032
------------------------------------------------------
Time Elapsed:0.013966
Floyd Warshall Algorithm Elapsed: 0.000158
------------------------------------------------------
Time Elapsed:0.010367
Floyd Warshall Algorithm Elapsed: 0.000147
------------------------------------------------------
Time Elapsed:0.012025
Floyd Warshall Algorithm Elapsed: 0.000134
------------------------------------------------------
Time Elapsed:0.013107
Floyd Warshall Algorithm Elapsed: 0.000157
------------------------------------------------------
